[gd_scene load_steps=6 format=2]

[ext_resource path="res://player/Player.gd" type="Script" id=1]
[ext_resource path="res://assets/Final_models/obj/Cacador.obj" type="ArrayMesh" id=2]
[ext_resource path="res://assets/Final_models/FBX/Cacador.material" type="Material" id=3]
[ext_resource path="res://player/CameraFollow.gd" type="Script" id=4]

[sub_resource type="CapsuleShape" id=4]
radius = 0.851591
height = 3.00199

[node name="Player" type="KinematicBody"]
transform = Transform( -0.999998, 3.97271e-05, -0.002199, 0, 0.999837, 0.0180632, 0.00219935, 0.0180631, -0.999834, -0.816948, 3.1797, 0.679952 )
script = ExtResource( 1 )

[node name="Pivot" type="Spatial" parent="."]
transform = Transform( -0.999999, -3.15122e-06, 0.000174406, 3.15085e-06, 0.999347, 0.0361205, -0.000174407, 0.0361204, -0.999347, -1.45353, -0.0229027, 1.26772 )

[node name="Skin" type="MeshInstance" parent="Pivot"]
transform = Transform( -2, 1.74623e-10, -1.74623e-07, -1.67347e-10, 2, 0, 1.74623e-07, 0, -2, -3.03834, -1.55102, -40.6029 )
mesh = ExtResource( 2 )
material/0 = ExtResource( 3 )
material/1 = ExtResource( 3 )

[node name="CollisionShape" type="CollisionShape" parent="."]
transform = Transform( 0.950965, -0.309272, 0.00408099, 0.00558694, 0.030368, 0.99952, -0.309249, -0.950488, 0.0306068, -0.727786, -0.982571, 0.64337 )
shape = SubResource( 4 )

[node name="Target" type="Spatial" parent="."]
transform = Transform( 1, -5.45697e-11, -8.14907e-09, 3.63798e-12, 1, -6.51926e-08, 1.62981e-09, 0, 1, -0.769805, 1.22348, 0.671326 )

[node name="Camera" type="Camera" parent="Target"]
transform = Transform( 0.999993, -0.000376262, 0.00364404, -0.00248308, -0.800969, 0.598701, 0.0026935, -0.598706, -0.800964, 0.0617736, 6.05657, -11.3524 )
current = true
script = ExtResource( 4 )
